100 100
0000000000000000000000000000000000000000000000000000000000000000000000000000000000000000000000000000
0000000001000000000000000000000000000000000000000000000000000000000000000000000000000000000000000000
0000000010100000000000110000001100000000000000000000000000000000000000000000000000000000000000000000
0000000100010000000010010000010010000000000000000000000000000000000000000000000000000000000000000000
0000000011100000000100001000100001000000000000000000000000000000000000000000000000000000000000000000
0000000000000000000110000110000110000000000000000000000000000000000000000000000000000000000000000000
0000000000000000000001110000001110000000000000000000000000000000000000000000000000000000000000000000
0000000000000000000000001000000010000000000000000000000000000000000000000000000000000000000000000000
0000000000000000000000010100000101000000000000000000000000000000000000000000000000000000000000000000
0000000000000000000000001000000010000000000000000000000000000000000000000000000000000000000000000000
0000000000000000000000000000000000000000011000000000000000000000000000000000000000000000000000000000
0000000000000110000000000000000000000000011000000000000000000000000000000000000000000000000000000000
0000000000000110000000000000000000000000000000000000000000000100100000000000000000000000000000000000
0000000000000000000000011100000000000000000000000000000000000011001000000000000000000000000000000000
0000000000000000000001000010000000000000000000000000000000000100000100000000000000000000000000000000
0000000000000000000001000010000000000000000000000000000000000011001000000000000000000000000000000000
0000000000000000000001000010000000000000000000000000000000000100100000000000000000000000000000000000
0000000000000000000000011100000000000011100001110000000000000000000000000000000000000000000000000000
0000000000000000000000000000000000000100010010001000000000000000000000000000000000000000000000000000
0000000000000000000000000000000000000100010010001000000000000000000000000000000000000000000000000000
0000000000000000000000000000000000000011100001110000000000000000000000110000000000000000000000000000
0000000000000000000000000000000000000000000000000000000000000000000110000000000000000000000000000000
0000000000000000000000000111000000000000000000000000000000000000000110000000000000000000000000000000
0000000000011000000000010000100000000000000000000000000000001110000000000000000000000000000000000000
0000000000011000000000010010100000000000000000000000000000000000000000000000000000000000000000000000
0000000000011000000000001001000000000001110000000000000000000000000000000000000000000000000000000000
0000000000000000000000000110000000000010000100000000000000000000000000000000000000000000000000000000
0000000000001100000000000000000000000010000100000000000000000000000000000000000000000000000000000000
0000000000010010000000000000000000000010000100000000000000000000000000000000000000000000000000000000
0000000000001100000000000000000000000001110000000000000000000000000000000000000000000000000000000000
0000000000000001100000000000000000001110000000000000000000000000000000000011100000000000000000000000
0000000000000010010000000000000000000000000000000000000000000000000000000100010000000000000000000000
0000000000000001100000000000000000000000000111000000000000000000000000000100010000000000000000000000
0000000000000000000000000000000000000000001000100000000000000000000000000100010000000000000000000000
0000000000000000000000000000000000000000001000100000000000000000000000000011100000000000000000000000
0000000000000000000000000000000000000000001000100000000001110000000000000000000000000000000000000000
0000000000000000000000000011100000000000000111000000000010000100000000000000000000000000000000000000
0000000000000000000000000100010000000000000000000000000010000100000000000000000000000000000000000000
0000000000000000000000000100010000000000000000000000000010000100000000000000000000000000000000000000
0000000000000000000000000011100000000000000000000000000001110000000000000000000000000000000000000000
